Entity,2005,2010,2015,2018
Algeria,0.81,0.65,0.93,0.95
Angola,4.89,8.16,7.96,6.94
Benin,2.23,2.47,2.97,2.81
Botswana,9.61,8.62,6.86,6.59
Burkina Faso,9.19,8.58,11.83,12.03
Burundi,8.44,7.66,7.03,7.19
Cameroon,7.62,8.43,6.17,5.65
Central African Republic,3.62,3.98,2.43,2.38
Chad,4.62,6.58,1.45,1.37
Comoros,0.44,0.25,0.88,0.69
Djibouti,1.28,0.67,0.49,0.43
Egypt,0.29,0.36,0.4,0.36
Equatorial Guinea,8.91,9.2,9.08,7.23
Eritrea,2.08,1.38,1.42,1.44
Eswatini,6.71,6.82,9.84,10.04
Ethiopia,2.05,2.5,2.19,2.36
Gabon,9.36,9.89,9.57,8.74
Gambia,4.27,3.81,3.67,3.55
Ghana,3.77,4.26,3.12,2.75
Guinea,0.77,0.7,1.07,1.11
Guinea-Bissau,5.31,4.47,5.05,5.38
Kenya,3.01,3.29,2.77,2.78
Lesotho,5.37,6.5,4.8,4.59
Liberia,6.05,5.37,5.7,6.12
Libya,0.083,0.098,0.029,0.019
Madagascar,1.53,1.87,1.88,1.97
Malawi,2.87,3.21,3.62,3.63
Mali,1.05,1.09,1.25,1.28
Mauritania,0.13,0.086,0.033,0.036
Mauritius,5.0,3.81,3.94,4.35
Morocco,0.96,0.9,0.7,0.69
Mozambique,1.3,1.63,2.19,2.3
Namibia,2.7,1.99,5.23,5.43
Niger,0.25,0.31,0.55,0.67
Nigeria,12.51,11.72,10.81,10.84
Rwanda,13.0,10.27,9.26,8.95
Sao Tome and Principe,8.72,8.34,7.19,5.88
Senegal,0.85,0.6,0.73,0.76
Seychelles,6.13,10.19,18.35,20.5
Sierra Leone,5.57,5.83,5.63,5.7
Somalia,0.068,0.28,0.013,0.009
South Africa,9.58,10.04,9.61,9.52
Sudan,,,0.52,0.51
Tanzania,8.71,9.74,11.05,11.27
Togo,3.26,2.11,2.37,2.46
Tunisia,1.46,1.4,1.99,2.12
Uganda,12.92,13.5,15.14,15.09
Zambia,3.9,5.43,6.89,6.54
Zimbabwe,2.77,3.93,4.92,4.67
