Entity,2005,2006,2007,2008,2009,2010,2011,2012,2013,2014,2015,2016,2017,2018,2019
Algeria,0.7637452,0.7637133,0.76381616,0.7640093000000001,0.7642679000000001,0.7645068,0.7650650600000001,0.7661728000000001,0.7675782000000001,0.76914734,0.7706495,0.77377094,0.7766361,0.77741187,0.7774768000000001
Angola,0.6698998,0.6713250000000001,0.6733349,0.6755087,0.67746655,0.6788409400000001,0.6797856000000001,0.6807949999999999,0.68184894,0.6829296,0.6839468000000001,0.68602203,0.68832764,0.690219,0.6926308
Benin,0.46136047,0.4623433999999999,0.4636788599999999,0.46511743,0.4664152,0.46715244,0.46751413,0.4677973,0.46802512,0.46832242,0.46853488,0.46944095,0.47084998,0.47295563,0.47641394
Botswana,0.60439215,0.6051126,0.6064165,0.60784814,0.60920056,0.6101616000000001,0.6112428,0.61288885,0.6146666000000001,0.6162875400000001,0.6173585,0.6186388500000001,0.61964166,0.61990094,0.6200887
Burkina Faso,0.5052572000000001,0.50551913,0.50660696,0.50777344,0.50876617,0.5093344399999999,0.50919406,0.50919165,0.50911435,0.50908563,0.5092068,0.5097686,0.51084116,0.5132508,0.51738116
Burundi,0.5695224,0.5699299,0.5705673000000001,0.57123596,0.5716426,0.57142865,0.5710755000000001,0.5703389,0.5694283,0.5686120600000001,0.56791223,0.56906696,0.57034784,0.5702276000000001,0.5697214
Cameroon,0.4714319,0.47216565,0.4731692,0.47395966,0.47469833,0.47534592,0.47613907,0.47736673,0.4784965,0.47962857,0.48064313,0.482447,0.48477917,0.48726117,0.49069067
Central African Republic,0.71704944,0.71784546,0.71915845,0.7206796000000001,0.7223688,0.72353076,0.7240576,0.7242549,0.72427875,0.7245354599999999,0.7249241,0.7271006,0.7292313,0.72907574,0.7277685
Chad,0.47895782,0.47923245,0.48001306,0.48098367,0.48194763,0.48244858,0.4825806,0.4826715,0.48271222,0.48269144,0.48274734,0.4831677199999999,0.483824,0.4850652,0.48708188
Comoros,0.55871356,0.5593923,0.5605408,0.5619052,0.5631689,0.56400165,0.5646724000000001,0.5653572400000001,0.5660685,0.56672754,0.5672513,0.56850946,0.5698773,0.57092554,0.5720812
Djibouti,0.5644510500000001,0.56470917,0.5653792,0.5661971,0.5669358999999999,0.5673785,0.567489,0.5675876,0.567693,0.5677941,0.5681224,0.5695127999999999,0.5710173,0.5715480300000001,0.5718888
Egypt,0.72973254,0.7304602,0.7326811000000001,0.7355125,0.7380596,0.73942834,0.7398745,0.7402388999999999,0.7405849,0.7410385,0.7417043,0.74477716,0.7479793,0.7492755,0.7504111
Equatorial Guinea,0.6833961000000001,0.6850510000000001,0.6870539999999999,0.68904474,0.6906234,0.69140063,0.6915910000000001,0.6918178,0.69213007,0.69253973,0.6930066,0.6941254,0.6956257,0.6974366,0.7001908
Eritrea,0.585656,0.5853533,0.5851299,0.5849821,0.5849147,0.58491266,0.5852159,0.5859190999999999,0.5867841,0.5876001599999999,0.58810706,0.5888869999999999,0.589739,0.5906157,0.5920082
Eswatini,0.57936194,0.5795182,0.5800804399999999,0.5809849,0.5820972000000001,0.5832849999999999,0.5849737,0.5874446400000001,0.59037726,0.5934243,0.59626324,0.59980634,0.6027937,0.60425366,0.6052454
Ethiopia,0.5530888,0.553497,0.5545373,0.55594275,0.5573827,0.55865576,0.5597740999999999,0.5609887,0.5622801,0.5636048600000001,0.5649778,0.5678554,0.5708538,0.5727926,0.5747202
Gabon,0.68402655,0.6851115,0.68695416,0.68908813,0.6910858,0.6924349999999999,0.693261,0.6941014,0.6949246000000001,0.6957314,0.6963934,0.6980128999999999,0.6999331,0.7013006,0.70307056
Gambia,0.48403098,0.48451352,0.48526166,0.4861080299999999,0.4868933,0.4874463,0.4878748,0.48833792,0.48878586,0.48918542,0.4894971,0.49028577,0.4913739299999999,0.49321387,0.49623065
Ghana,0.47278027,0.4738648,0.47520963,0.4765962,0.477815,0.4786649,0.47921875,0.47972693,0.4802384,0.4808045,0.48147806,0.48377795,0.48685434,0.48973315,0.4932777
Guinea,0.47921597,0.47986554,0.48058252,0.48127255,0.4818522,0.4822059,0.4822873,0.48223062,0.48211847,0.4820578,0.48209058,0.4830484,0.48445535,0.48607776,0.4886097
Guinea-Bissau,0.47592975,0.4771749,0.47910904,0.48128885,0.4832613799999999,0.48456406,0.48533627,0.48601138,0.4866127,0.48718127,0.48772684,0.48906018,0.4906036,0.49209906,0.49414117
Kenya,0.5637466,0.5648071,0.5660050700000001,0.56719763,0.5682489000000001,0.56902234,0.5695445,0.5699512,0.5702424,0.5705259,0.5709167,0.5728522,0.5752557,0.5769266000000001,0.5788879
Lesotho,0.5837542,0.583477,0.58339825,0.58344885,0.5836255,0.583935,0.58464026,0.5859018,0.58748694,0.5892394000000001,0.59100464,0.5942742,0.5971159,0.5977521,0.5976906000000001
Liberia,0.47176196,0.47304703,0.47459473,0.4756212,0.47651526,0.4774922,0.4782146,0.478909,0.47890204,0.47887793,0.47928912,0.4797311,0.48039252,0.4819399,0.48512527
Libya,0.7474301000000001,0.7477736,0.7487596,0.7499853000000001,0.75106134,0.7515796,0.7516189000000001,0.7515161,0.7513404,0.75122864,0.7512954,0.7526668,0.7542576000000001,0.755067,0.755897
Madagascar,0.5435191,0.5440395,0.54443176,0.5447617,0.5451480000000001,0.5456386,0.54634735,0.54728735,0.5483169,0.5493294,0.55017426,0.5516679,0.55334796,0.5545888,0.5560013
Malawi,0.57279486,0.5738384,0.5749256,0.5760000000000001,0.5769237,0.5776173,0.5781813,0.57870874,0.5792109000000001,0.5796931,0.5800736000000001,0.5808919,0.581899,0.58315906,0.5852170999999999
Mali,0.48845895,0.48873337,0.4891027,0.48950095,0.48987262,0.4901139,0.49025723,0.49037918,0.4905359,0.4907314,0.4909318,0.49169318,0.49284448,0.4949733,0.4985128
Mauritania,0.4719096,0.4724067999999999,0.47327002,0.47418567,0.47526508,0.47609326,0.47673914,0.4774464,0.47801498,0.4788595,0.47969553,0.48107294,0.48283633,0.4848691,0.48797113
Mauritius,0.5950137999999999,0.59535,0.5959226700000001,0.5965782000000001,0.5973848,0.5981351,0.59883905,0.59953754,0.6001189,0.6006544,0.6011588000000001,0.6026955,0.6041523,0.6046673,0.6052353
Morocco,0.7422768,0.74201196,0.74202405,0.7420748,0.7422556,0.7426132,0.7434464000000001,0.74504346,0.74714844,0.7495940000000001,0.75198505,0.7561787000000001,0.75996924,0.7612384600000001,0.7616505
Mozambique,0.57291644,0.57370557,0.57457153,0.5754283,0.5762195000000001,0.57689185,0.57746454,0.5780372300000001,0.5785644999999999,0.5790723000000001,0.5795759,0.5813758,0.5833608,0.5842979,0.5851629
Namibia,0.57508636,0.57623004,0.57850714,0.58139667,0.584404,0.5870436,0.5894915,0.5921484,0.5948753,0.5975631,0.6000863000000001,0.6033246000000001,0.60589374,0.6068397,0.6072112
Niger,0.4892856,0.4903143,0.49191113,0.49386874,0.49551135,0.4967091,0.49752832,0.49841202,0.49916956,0.49986636,0.50056992,0.5011902,0.5020924,0.50398767,0.50772546
Nigeria,0.4250056,0.42614737,0.4281113,0.43031866,0.43215756,0.43300684,0.433057,0.43302878,0.432962,0.43294342,0.43306177,0.43390442,0.43539877,0.43776364,0.44142587
Rwanda,0.57374756,0.57566223,0.57798755,0.5804292600000001,0.5826178599999999,0.5842688,0.5855138,0.58678235,0.5880289000000001,0.589152,0.5901573,0.5916805,0.5933013,0.5946757,0.5963361
Sao Tome and Principe,0.47334537,0.47425168,0.4758065,0.47764404,0.47939798,0.4806775,0.4816786799999999,0.48272906,0.48375378,0.48466226,0.48538638,0.48623325,0.4873285,0.48968723,0.4936206
Senegal,0.48336426,0.48397717,0.48477945,0.4855994,0.48644534,0.4871342,0.4877671,0.48846307,0.48917822,0.48998145,0.4907108799999999,0.49172174,0.49288663,0.49457315,0.4972893399999999
Seychelles,0.5953055399999999,0.59589545,0.59680457,0.59781036,0.5987496,0.5990859000000001,0.59879224,0.5985632000000001,0.59862244,0.5985922,0.5982673,0.5988229,0.5999019,0.60108606,0.60272925
Sierra Leone,0.4767792999999999,0.47718164,0.4775016,0.4777839399999999,0.47854498,0.47861423,0.4791620199999999,0.48003995,0.4810833,0.48236313,0.48285574,0.483898,0.48526114,0.48749902,0.49106244
Somalia,0.56904626,0.56975006,0.57053076,0.57133484,0.57211115,0.57289886,0.5737951000000001,0.5747019,0.5755512,0.5763601,0.5770459,0.57863135,0.58015857,0.5807656,0.5812808
South Africa,0.582086,0.58308746,0.5849953000000001,0.5874585,0.5900213599999999,0.5922334,0.5944498,0.5968188,0.59922626,0.6014550000000001,0.60332874,0.60572925,0.607591,0.60853973,0.6093312
South Sudan,0.5604411,0.55973346,0.5590174600000001,0.55833795,0.55780237,0.5573780500000001,0.5568659699999999,0.5562254600000001,0.55561536,0.555279,0.5553101,0.55715,0.55930853,0.56017346,0.5609054
Sudan,0.72872394,0.7285775,0.7286501,0.72888794,0.7292550700000001,0.7296838400000001,0.7304139000000001,0.7316091,0.73312225,0.7348543,0.7366163299999999,0.7404858000000001,0.74408093,0.7453401000000001,0.7461852
Tanzania,0.56281055,0.5631491,0.5635267300000001,0.5638434999999999,0.5639808000000001,0.5639596,0.5636909000000001,0.5632303000000001,0.5627513000000001,0.5621586,0.5616654,0.56167706,0.5620537000000001,0.562837,0.5641451399999999
Togo,0.483119,0.48416498,0.48551877,0.48691406,0.48809735,0.4890775499999999,0.48995035,0.49118088,0.49246384,0.4933365,0.4940887,0.495797,0.49817004,0.5010694,0.5046172800000001
Tunisia,0.7762595,0.7764918000000001,0.7767426000000001,0.7770263700000001,0.7773794,0.7778389,0.7787992,0.78040686,0.7823363000000001,0.78425146,0.7858071999999999,0.7880975,0.7901277,0.79106,0.791814
Uganda,0.5748778,0.5754981699999999,0.5762274000000001,0.576958,0.5776074,0.5780770000000001,0.5784222,0.5787279700000001,0.5790005,0.5792695,0.57963715,0.581655,0.58399915,0.585305,0.5866188
Zambia,0.53799835,0.5395129,0.5412538,0.5430943,0.5449107000000001,0.54654645,0.54833514,0.5504471,0.5526896400000001,0.55491077,0.55689075,0.5594219,0.5620312000000001,0.5644009,0.56708685
Zimbabwe,0.5732058,0.5730044000000001,0.57295123,0.57304144,0.57314,0.57326166,0.5737414,0.57480115,0.5762859499999999,0.578022,0.5798858,0.5838114000000001,0.5874863,0.5887644000000001,0.5895553
